version https://git-lfs.github.com/spec/v1
oid sha256:b682efb6bcbf4d3d182ce6bc6155212ad6f1e38b6250a4f9fadafe592a2c82c3
size 18
